1
5
27
28
37
41
45
49
53
64
69
70
73
77
82
121
126
156
174
176
177
180
190
210
218
219
227
228
231
258
263
264
268
277
296
298
315
317
319
321
323
325
331
440
449
522
663
794
1063
1119
1120
1121
1122
1124
1325
1625
1758
1830
1974
1990
1991
2017
2018
2318
2415
2715
2957
2996
3001
3004
3007
3008
3011
3013
3016
3017
3026
3053
3055
3068
3069
3074
3093
3095
3112
3115
3116
3118
3121
3122
3128
3237
3255
3381
3386
3426
3429
3434
3438
3443
3444
3582
3588
3590
3604
3611
3616
3723
3729
3730
3733
3751
3756
3792
3793
3797
3798
3808
3811
3846
3854
3856
3857
3893
3896
3899
3902
3903
3909
3914
3916
3920
3921
3926
3927
3928
3939
3941
3942
