1
8
13
16
62
104
110
123
150
192
198
205
228
276
292
335
351
363
369
399
430
459
466
589
597
604
612
658
697
727
753
787
802
818
860
868
916
943
984
1008
1034
1051
1093
1114
1128
1233
1234
1269
1310
1328
1356
1388
1414
1435
1469
1500
1529
1558
1578
1615
1666
1702
1734
1758
1772
1784
1835
1900
1931
1962
1983
2040
2061
2115
2130
2144
2162
2220
2241
2249
2264
2310
2334
2366
2392
2451
2494
2529
2565
2596
2622
2650
2683
2708
2759
2813
2852
2912
2940
2961
3054
3079
3089
3111
3127
3164
3187
3226
3256
3271
3285
3305
3338
3372
3399
3415
3428
3485
3543
3573
3659
3715
3737
3805
3852
3910
3943
3983
4011
4073
4090
4100
4119
4136
4164
4191
4245
4325
4348
4364
4455
4515
4546
4574
4591
4605
4620
4652
4659
4695
4738
4757
4759
4789
4798
4799
4817
4818
4889
