1
11
12
42
90
102
135
140
163
188
189
233
241
249
273
290
309
315
316
381
409
422
545
583
585
589
590
613
636
657
673
690
705
717
732
747
768
782
803
821
860
874
881
894
914
953
968
983
992
1004
1040
1062
1077
1091
1104
1105
1106
1107
1108
1109
1110
1111
1125
1135
1140
1145
1146
1147
1148
1149
1150
1164
1174
1181
1189
1203
1215
1238
1241
1243
1275
1283
1295
1301
1309
1323
1343
1365
1400
1403
1404
1470
1507
1529
1566
1586
1587
1600
1607
1616
1647
1675
1693
1703
1723
1750
1769
1780
1791
1801
1822
1825
1826
1837
1843
1882
1897
1911
1925
1942
1964
1966
1968
2002
2017
2037
2073
2089
2099
2107
2116
2126
2134
2144
2153
2162
2170
2178
2188
2196
2206
2219
2226
2235
2242
2312
2324
2343
2354
2371
2402
2427
2464
2483
2515
