1
31
327
331
540
667
720
851
853
932
953
954
955
1041
1095
1280
1281
1284
1351
1352
1353
1399
1408
1545
1604
1647
1649
1650
1709
1750
1820
1838
1981
2020
2027
2034
2087
2162
2163
2166
2189
2193
2217
2225
2234
2237
2260
2294
2305
2352
2354
2378
2405
2413
2436
2499
2567
2598
2610
2630
2657
2658
2682
2706
2726
2910
2966
3011
3035
3071
3146
3195
3271
3326
3342
3371
3372
3373
3386
3389
3391
3392
3394
3400
3402
3403
3406
3428
3433
3439
3473
3480
3497
3641
3670
3681
3741
3770
3774
3811
3813
3815
3819
3837
3840
3847
3851
3885
3929
3939
3949
3957
3959
3962
3965
3966
3969
3981
3992
4063
4082
4085
4153
4184
4223
4337
4394
4399
4403
4429
4571
4575
4590
4591
4616
4617
4651
4656
4693
4737
4741
4746
4747
4749
4754
4757
4758
4759
4766
4768
4770
4771
4776
4777
4778
4779
4784
4785
4787
4788
4802
4804
4806
4826
4865
4893
4938
4969
4993
5091
5192
