1
29
94
236
283
322
355
356
367
404
420
437
462
465
466
470
471
475
476
522
555
568
582
583
706
1006
1096
1172
1293
1392
1485
1548
1660
1713
1786
1867
1915
1971
1978
1985
1993
1996
2002
2008
2013
2020
2058
2113
2162
2220
2388
2394
2400
2406
2410
2416
2419
2429
2445
2451
2464
2478
2540
2600
2669
2697
2721
2730
2734
2738
2746
2750
2801
2822
2881
2946
2951
2954
3012
3097
3140
3189
3249
3281
3359
3368
3375
3387
3450
3490
3679
3686
3694
3705
3714
3728
3736
3750
3787
3798
3875
4008
4251
4308
4409
4413
4441
4461
4553
4609
4665
4720
4773
4862
4970
4971
4972
5043
5117
5155
5178
5203
5326
5328
5338
5347
5350
5389
5422
5471
5510
5559
5673
5742
5873
5939
5942
5957
