1
143
145
405
477
646
656
664
673
682
691
700
706
709
712
718
720
862
1007
1015
1080
1132
1170
1200
1295
1331
1394
1464
1582
1798
1800
1807
1809
1816
1818
1825
1827
1834
1836
1843
1849
1855
1858
1861
1864
1867
1871
2171
2471
2771
2955
2959
3023
3097
3180
3480
3526
3528
3535
3537
3544
3546
3553
3555
3562
3564
3571
3573
3580
3581
3582
3583
3584
3585
3586
3587
3588
3589
3590
3591
3592
3593
3594
3595
3611
3617
3644
3652
3660
3689
3719
3723
3766
3794
3803
3817
3859
3867
3876
3888
3970
3987
4085
4175
4347
4462
4562
4622
4678
4680
4687
4689
4696
4698
4705
4707
4714
4716
4783
4839
4892
4950
5023
5100
5235
5369
5468
5544
5639
5728
5893
5894
5921
5923
6223
6284
6287
