1
287
321
341
361
380
400
458
496
515
565
584
603
623
633
671
702
730
751
791
846
900
916
937
959
988
1027
1067
1106
1186
1208
1264
1300
1336
1377
1415
1458
1494
1536
1573
1612
1631
1650
1688
1707
1726
1745
1763
1782
1801
1820
1839
1876
1914
1951
1989
2030
2049
2071
2109
2143
2183
2221
2260
2279
2299
2337
2374
2414
2452
2492
2527
2562
2622
2658
2689
2738
2743
2748
2813
2901
2982
3061
3130
3189
3231
3271
3291
3367
3445
3483
3503
3561
3599
3647
3677
3721
3755
3780
3819
3898
3917
3964
4007
4065
4085
4129
4168
4207
4245
4284
4356
4405
4448
4520
4558
4595
4618
4634
4653
4684
4710
4738
4758
4784
4813
4834
4879
4910
4976
5033
5087
5137
5212
5275
5280
5284
5547
5559
5571
5586
5709
5770
5878
5932
5945
5948
5950
5951
5952
5958
5960
5962
5964
5965
5967
5968
5971
5977
6081
