1
101
163
181
199
240
334
431
506
509
512
531
534
609
687
754
817
857
881
884
947
990
991
1028
1037
1088
1123
1242
1298
1336
1363
1397
1439
1488
1578
1581
1613
1616
1619
1655
1678
1711
1729
1795
1797
1826
1885
1892
1894
1975
2039
2085
2116
2178
2211
2258
2260
2327
2399
2446
2495
2535
2604
2657
2658
2741
2744
2796
2839
2880
2912
2913
2936
2985
2993
3016
3018
3080
3114
3126
3173
3174
3201
3231
3240
3280
3281
3334
3346
3347
3358
3370
3377
3381
3421
3450
3476
3556
3593
3622
3638
3641
3649
3652
3660
3671
3686
3689
3733
3767
3847
3872
3913
3914
3934
3935
3978
4009
4060
4062
4108
4151
4183
4184
4212
4261
4274
4325
4362
4383
4386
4441
4504
4571
4637
4685
4691
4760
4859
4860
5013
5121
5220
5387
5620
5756
5830
5919
5988
6094
6110
6174
6198
6203
6206
6234
6235
6259
6260
6267
6284
6481
6498
6511
6528
6551
6552
6586
6599
6619
6641
6647
6671
6734
6737
6767
6770
6815
6865
6901
