1
31
32
87
126
148
160
204
247
259
270
272
273
276
292
309
319
341
360
380
395
400
408
421
426
428
431
564
603
645
663
702
716
718
723
724
729
730
735
736
739
742
745
748
753
754
757
758
760
761
764
767
770
771
773
779
780
786
795
796
799
801
826
828
844
876
899
916
926
970
972
975
1011
1023
1028
1029
1032
1071
1099
1118
1124
1125
1129
1130
1134
1136
1141
1154
1166
1185
1192
1193
1195
1202
1211
1223
1232
1237
1259
1280
1308
1312
1325
1335
1340
1375
1378
1380
1412
1429
1453
1456
1463
1479
1490
1511
1550
1554
1570
1586
1602
1603
1604
1618
1641
1655
1656
1668
1689
1693
1696
1698
1711
1720
1734
1742
1745
1747
1773
1794
1799
1811
1816
1829
1840
1851
1886
1927
1930
1937
1952
1966
1978
1979
1980
1994
2007
2018
2023
2036
2051
2053
2054
2056
2072
2090
2115
2121
2122
2123
2124
2133
2166
2182
2196
2210
2232
2243
2253
2263
2276
2286
2296
2297
2315
2341
2348
2352
2354
2363
2373
2399
2417
2425
2431
2447
2504
2528
2529
2530
2533
2552
2585
2591
2594
2603
2617
2629
2649
2657
2661
2727
2728
3028
3328
3371
