1
79
128
160
180
248
273
296
316
335
361
386
401
417
428
464
496
520
532
543
577
606
623
652
669
704
727
744
779
796
820
841
873
925
946
973
989
1004
1018
1020
1021
1023
1042
1062
1064
1065
1067
1095
1114
1142
1165
1188
1211
1233
1255
1268
1291
1311
1322
1334
1349
1409
1412
1413
1417
1432
1436
1437
1438
1472
1500
1548
1566
1588
1622
1642
1667
1692
1717
1732
1752
1775
1798
1823
1864
1880
1903
1947
1965
1995
2025
2048
2066
2107
2132
2155
2178
2189
2201
2212
2224
2247
2270
2293
2315
2337
2359
2377
2389
2419
2437
2466
2517
2546
2557
2558
2569
2570
2580
2609
2632
2646
2664
2684
2720
2744
2757
2775
2794
2812
2843
2859
2886
2905
2925
2940
2960
