1
301
322
357
645
646
740
789
790
831
832
854
855
888
889
927
928
970
971
1011
1041
1054
1082
1083
1239
1347
1434
1437
1439
1550
1555
1644
1646
1648
1728
1731
1821
1824
1884
1888
1966
1969
1970
1972
2047
2051
2194
2198
2358
2360
2365
2427
2432
2501
2505
2509
2653
2667
2671
2781
2800
2802
2885
2893
2895
2950
2955
2957
3102
3110
3390
3397
3522
3526
3528
3679
3682
3698
3840
3845
3978
3989
3990
4132
4133
4134
4135
4291
4292
4293
4461
4462
4762
4813
4814
4815
4816
4927
4928
4929
4930
5064
5066
5067
5219
5220
5222
5329
5330
5331
5332
