1
61
193
341
354
361
377
391
406
416
441
579
656
789
821
865
904
905
939
976
1024
1065
1096
1126
1157
1183
1215
1274
1276
1357
1389
1431
1438
1495
1628
1742
1811
1854
1913
1958
1982
2067
2165
2265
2328
2377
2392
2399
2406
2434
2639
2711
2727
2787
2856
3014
3072
3133
3259
3310
3410
3567
3639
3697
3792
3812
3896
4039
4163
4251
4252
4275
4405
4411
4515
4626
4726
4749
4771
4794
4816
4839
4861
4884
4906
4929
4951
4974
4996
5019
5041
5064
5086
5109
5131
5153
5176
5198
5221
5243
5266
5288
5311
5333
5378
5401
5423
5446
5468
5491
5513
5536
5558
5581
5603
5626
5648
5670
5693
5715
5738
5760
5783
5805
5828
5850
5873
5895
5918
5940
5963
5985
6008
6204
6206
6214
6304
6451
6481
6601
6901
