1
41
173
236
244
259
295
339
360
383
401
418
444
463
481
485
511
538
569
607
627
651
676
708
726
777
799
804
814
821
827
837
849
859
873
922
927
935
949
970
994
1020
1039
1053
1068
1094
1113
1132
1152
1166
1191
1211
1225
1238
1262
1279
1296
1304
1312
1325
1337
1361
1383
1399
1411
1425
1429
1434
1448
1461
1474
1486
1488
1498
1523
1541
1557
1577
1604
1684
1709
1731
1747
1765
1788
1800
1847
1866
1880
1946
1971
1985
2003
2021
2035
2058
2079
2105
2121
2133
2144
2156
2180
2207
2229
2255
2284
2298
2312
2325
2338
2348
2351
2363
2370
2386
2401
2413
2432
2452
2482
2494
2510
2523
2535
2555
2569
2580
2594
2629
2656
2688
2723
2738
2763
2779
2826
2845
2864
2876
2894
2918
2935
2964
2993
3019
3047
3063
3084
3105
3134
3157
3188
3213
3238
3266
3314
3416
3449
3488
3535
3605
3640
3671
