1
3
5
55
135
137
145
233
238
252
324
328
394
400
417
457
475
490
560
567
631
654
697
723
735
744
746
769
773
804
805
809
811
814
815
827
835
844
856
889
897
939
945
1012
1014
1020
1035
1056
1064
1070
1085
1096
1103
1109
1116
1132
1137
1138
1145
1146
1165
1171
1172
1200
1298
1316
1334
1335
1611
1663
1680
1687
1703
1708
1721
1728
1742
1748
1755
1758
1764
1767
1776
1779
1784
1788
1790
1791
1793
1794
1796
1797
1800
1801
1804
1805
1807
1809
1828
1829
1854
1971
1988
2009
2012
2018
2038
2054
2119
2138
2230
2263
2265
2283
2295
2318
2343
2421
2450
2469
2535
2549
2571
2572
2618
2626
2663
2669
2676
2679
2680
2681
2683
2684
2685
2689
2712
2713
2731
2751
2852
2889
2938
2958
3046
3056
3067
3075
3084
3167
3410
3419
3524
3597
3636
3702
3747
3765
3811
3815
3817
3828
3853
3854
3865
3888
3940
3954
3989
3990
3996
4002
4087
4097
4171
4172
4446
4454
4455
4465
4466
4470
4671
4680
4722
4731
4732
4742
4776
4785
4816
4835
4855
4872
4931
4934
4941
5029
5048
5180
5189
