1
301
305
315
333
380
404
439
456
490
498
508
518
616
630
645
657
745
753
811
831
895
913
965
970
975
976
997
1091
1139
1146
1148
1150
1159
1285
1301
1304
1319
1321
1328
1379
1392
1412
1434
1470
1474
1499
1500
1502
1519
1521
1547
1559
1572
1579
1589
1643
1657
1695
1718
1844
1850
1896
1938
1961
1982
2022
2057
2082
2111
2135
2157
2161
2199
2231
2271
2305
2306
2366
2431
2435
2477
2554
2635
2660
2690
2739
2742
2747
2761
2781
2884
3011
3055
3061
3155
3157
3181
3218
3220
3225
3444
3519
3537
3592
3627
3718
3788
3821
3908
3930
3958
4001
4036
4107
4108
4109
4119
4271
4272
4273
4280
4301
4437
4737
4834
4836
4839
4842
4846
4872
4920
4951
4976
4982
4983
4987
4990
4993
4996
5000
5001
5013
5158
5159
5172
5173
5178
5180
5184
5186
5190
5193
5196
5199
5202
5205
5209
5212
5215
5218
5221
5224
5227
5230
5234
5237
5240
5243
5246
5249
5252
5256
5259
5262
5265
5268
5297
5299
5303
5305
5310
5312
5316
5318
5322
5325
5328
5331
5334
5338
5339
5344
5348
5351
5354
5360
5399
5409
5411
5415
5417
5421
5424
5429
5431
5432
5475
5479
5481
5485
5488
5491
5495
5496
5502
5536
5540
5542
5546
5548
5552
5555
5558
5562
5564
5567
5570
5573
5646
5673
