1
175
475
690
859
861
863
866
868
871
874
877
879
882
884
886
889
891
894
896
899
900
944
949
1019
1033
1239
1269
1417
1531
1548
1595
1635
1800
1890
1913
1914
1934
1935
1945
1987
1996
1997
2018
2024
2025
2031
2032
2038
2039
2044
2045
2053
2054
2061
2085
2088
2126
2128
2164
2203
2204
2211
2213
2220
2221
2229
2230
2239
2241
2247
2249
2256
2257
2266
2267
2274
2276
2285
2287
2481
2484
2557
2558
2570
2692
2701
2703
2708
2710
2717
2721
2723
2728
2730
2734
2874
2889
2910
2912
3022
3043
3044
3053
3054
3060
3061
3070
3071
3081
3093
3094
3107
3121
3122
3137
3139
3151
3153
3165
3180
3190
3191
3231
3232
3251
3252
3264
3265
3278
3279
3291
3292
3355
3425
3434
3457
3462
3468
3469
3474
3587
