1
2
8
61
67
75
134
139
141
145
237
315
389
390
393
460
553
678
679
682
774
800
890
891
897
934
953
955
956
975
976
977
999
1000
1018
1019
1020
1037
1040
1041
1058
1062
1081
1082
1083
1102
1103
1104
1122
1126
1127
1144
1147
1148
1169
1170
1171
1189
1193
1212
1214
1215
1232
1239
1258
1259
1260
1278
1283
1303
1305
1306
1324
1328
1329
1347
1349
1350
1374
1394
1396
1397
1478
1497
1560
1623
1674
1721
1819
1866
1941
2022
2072
2161
2236
2310
2381
2458
2537
2538
2838
2871
2948
2949
3086
3253
3282
3327
3355
3374
3421
3470
3554
3594
3644
3693
3741
3831
3915
4002
4113
4189
4267
4364
4452
4531
4614
4699
4710
4722
