1
153
163
164
166
178
208
236
239
243
335
336
357
376
424
491
520
561
583
584
604
606
608
611
657
682
684
685
689
690
751
766
767
775
824
835
877
903
921
960
980
983
992
1010
1039
1085
1095
1136
1137
1138
1140
1173
1237
1329
1347
1367
1402
1403
1481
1510
1521
1534
1557
1593
1595
1599
1774
1805
1830
2040
2127
2166
2190
2352
2361
2372
2392
2486
2488
2489
2492
2513
2624
2648
2653
2654
2687
2740
2745
2770
2771
2787
2842
2890
2955
3012
3062
3066
3131
3190
3212
3215
3361
3404
3443
3447
3471
3485
3486
3620
3662
3678
3712
3728
3743
3908
4104
4140
4142
