1
18
28
93
95
98
105
127
129
130
133
254
267
310
316
318
320
321
326
331
336
338
345
362
365
436
441
448
467
469
485
492
523
528
650
652
657
661
692
694
734
744
748
766
794
802
995
1000
1051
1053
1077
1078
1080
1103
1250
1251
1261
1265
1268
1269
1275
1277
1292
1328
1333
1336
1636
1658
1660
1670
1671
1674
1678
1689
1703
1711
1715
1723
1749
1780
1783
1784
1785
1789
1793
1797
1824
1830
1834
1836
1837
1842
1853
1875
1879
1883
1888
1889
1890
1894
1897
1904
1975
1976
2029
2043
2070
2072
2098
2103
2108
2112
2120
2123
2174
2185
2189
2193
2196
2204
2206
2222
2224
2233
2324
2341
2342
2346
2367
2370
2372
2373
2385
2391
2397
2399
2401
2402
2403
2412
2414
2428
2430
2437
2449
2451
2455
2463
2464
2475
2481
2487
2504
2505
2610
2613
2614
2622
2627
2629
2632
2651
2655
2656
2659
2663
2665
2666
2668
2673
2674
2677
2686
2694
2704
2709
2721
2725
2737
2761
2762
2768
2894
2895
