1
74
76
81
173
223
226
264
301
303
304
333
366
368
376
380
392
393
396
401
422
459
656
657
720
728
763
790
827
909
910
930
933
1062
1065
1135
1137
1208
1235
1255
1263
1284
1323
1391
1394
1398
1510
1513
1521
1522
1523
1531
1536
1550
1595
1635
1679
1684
1696
1759
1804
1826
1875
1913
1914
1972
1992
1996
2005
2044
2093
2145
2188
2206
2262
2310
2313
2317
2332
2353
2376
2391
2415
2439
2467
2469
2478
2509
2526
2545
2546
2563
2580
2607
2610
2616
2634
2635
2650
2667
2699
2717
2718
2719
2759
2797
2800
2824
