1
32
332
353
560
656
657
736
737
740
743
749
751
757
764
878
883
1004
1161
1264
1382
1383
1384
1385
1386
1387
1388
1389
1390
1391
1392
1393
1501
1528
1535
1561
1597
1621
1665
1709
1841
1868
1904
1923
1986
2039
2049
2073
2143
2148
2201
2205
2210
2219
2223
2224
2229
2235
2236
2254
2258
2271
2281
2282
2283
2284
2285
2286
2287
2288
2289
2290
2291
2292
2293
2295
2305
2312
2315
2348
2382
2391
2409
2412
2413
2414
2415
2416
2417
2418
2419
2420
2421
2422
2423
2424
2425
2426
2462
2490
2501
2507
2577
2614
2615
2616
2617
2618
2619
2620
2621
2622
2623
2624
2716
2815
2821
2825
2922
2960
2971
2972
2987
3017
3047
3094
3103
3108
3136
3137
3138
3139
3185
3194
3209
3215
3221
3273
3350
3395
3406
3434
3495
3512
3537
3587
3614
3646
3647
3648
3678
3691
3701
3728
3751
3781
3785
3794
3801
3802
3812
3821
3887
3894
4068
4127
4220
4241
4541
