1
29
32
35
56
59
62
71
74
77
89
92
95
101
107
110
116
128
131
134
137
152
155
161
170
173
176
188
193
197
218
248
251
293
296
335
338
347
353
356
365
368
413
419
432
433
434
440
443
467
470
479
482
485
488
524
527
533
545
554
569
572
590
596
602
629
632
635
641
653
665
686
689
692
695
707
722
725
728
740
758
761
773
794
797
827
836
920
947
950
971
974
977
989
998
1010
1013
1034
1040
1043
1049
1052
1082
1083
1084
1103
1106
1109
1112
1121
1166
1193
1196
1211
1217
1259
1262
1298
1415
1475
1481
1484
1487
1499
1523
1529
1541
1571
1577
1580
1586
1625
1628
1631
1634
1637
1691
1730
1733
1775
1790
1793
1799
1817
1820
1895
1904
1916
1925
1943
1946
1988
2015
2018
2021
2084
2093
2096
2102
2156
2159
2339
2360
2426
2477
2480
2489
2492
