1
38
45
52
55
59
62
76
89
93
100
110
158
172
472
613
654
685
869
873
876
897
1197
1239
1246
1287
1290
1294
1304
1311
1314
1393
1444
1461
1465
1492
1530
1536
1550
1557
1560
1571
1578
1670
1673
1680
1687
1690
1694
1701
1708
1721
1728
1745
1752
1766
1773
1779
1800
1824
1848
1851
1855
1858
1896
1920
1944
1950
1957
1961
1968
2002
2005
2009
2019
2026
2029
2053
2067
2074
2080
2087
2091
2094
2104
2108
2111
2115
2121
2125
2132
2135
2139
2145
2152
2156
2159
2166
2169
2176
2180
2186
2193
2197
2200
2207
2217
2221
2224
2231
2234
2238
2245
2248
2251
2255
2258
2265
2272
2275
2286
2289
2296
2299
2303
2310
2313
2316
2323
2327
2330
2337
2344
2347
2351
2354
2358
2361
2368
2375
2378
2381
2388
2395
2402
2409
2412
2416
2423
2426
2433
2436
2440
2446
2453
2457
2464
2470
2474
