1
170
185
186
190
196
203
205
210
211
221
309
311
581
586
589
629
712
731
734
750
769
770
1040
1070
1370
1500
1501
1502
1506
1508
1512
1513
1517
1520
1557
1635
1636
1663
1675
1678
1679
1681
1687
1951
1954
1956
1987
2287
2418
2419
2423
2424
2427
2432
2438
2441
2543
2545
2547
2548
2572
2579
2582
2585
2587
2592
2892
2892
2907
2962
3038
3039
3121
3123
3339
3343
3345
3348
3349
3354
3364
3376
3676
3836
3840
3841
3844
3851
3854
3856
3857
3929
3949
4231
4233
4234
4235
4254
4257
4259
4279
4280
4281
4282
4352
4353
4390
4391
4392
4395
4411
4680
4700
4701
4703
4718
4720
4721
4731
4735
4740
4752
4753
4755
4756
4768
4770
4771
4857
4872
5147
5174
5176
5178
5231
5234
5241
5256
5268
5296
5309
5311
5312
5313
5597
5618
5628
5638
5644
5647
5653
5680
5682
5688
5689
5693
5699
5700
5762
5767
5769
5772
