1
52
352
468
469
470
770
980
988
1001
1094
1106
1118
1208
1209
1219
1231
1322
1324
1375
1457
1602
1606
1906
2122
2125
2174
2176
2290
2352
2353
2466
2467
2578
2582
2638
2642
2942
3200
3204
3504
3804
3895
3897
3907
4057
4059
4116
4117
4119
4120
4177
4178
4236
4237
4292
4293
4576
4577
4633
4634
4690
4860
4918
4919
4974
4989
4990
5002
5003
5032
5034
5091
5092
5102
5103
5118
5119
5147
5148
5232
5262
5319
5320
5376
5377
5430
5432
5443
5444
5456
5457
5489
5540
5541
5547
5605
5719
5832
6060
6115
6116
6321
6327
6369
6669
6837
6841
6849
7099
