1
5
119
121
123
212
214
215
337
339
430
431
432
523
524
525
641
642
643
734
735
736
827
829
920
921
923
1012
1014
1015
1200
1201
1203
1292
1295
1386
1387
1388
1479
1480
1481
1562
1563
1565
1654
1656
1657
1658
1747
1748
1749
1751
1840
1844
1933
1935
1936
2027
2028
2030
2119
2123
2212
2214
2215
2306
2309
2398
2399
2400
2402
2491
2493
2494
2585
2587
2638
2640
2731
2732
2733
2875
2877
2958
2959
2961
3050
3052
3053
3128
3129
3130
3334
3335
3336
3427
3429
3520
3522
3613
3614
3615
3710
3711
3713
3802
3806
3895
3899
3988
3990
3991
4082
4083
4086
4173
4176
4177
4215
4217
4218
4307
4308
4310
4401
4403
4540
4542
4633
4634
4636
4725
4727
4728
4807
4810
4899
4901
4903
5127
5129
5348
5349
5350
5579
5580
5581
5682
5686
5848
