1
43
46
54
89
92
96
103
109
111
128
138
150
164
174
176
188
193
197
211
218
234
238
290
291
295
316
320
331
335
371
378
389
402
413
415
476
494
512
537
549
652
675
689
701
711
723
731
765
788
813
868
1074
1075
1106
1134
1155
1190
1214
1231
1279
1316
1346
1377
1411
1428
1429
1441
1474
1508
1526
1529
1531
1533
1551
1554
1556
1559
1574
1578
1583
1644
1653
1686
1704
1709
1720
1766
1785
1833
1989
2067
2160
2201
2226
2273
2316
2399
2420
2440
2473
2508
2531
2552
2623
2646
2670
2754
2808
2842
2844
2905
2916
2917
2930
2960
3020
3147
3160
3174
3191
3197
3198
3207
3226
3242
3331
3408
3427
3463
3465
3644
3714
3727
3753
3769
3812
3823
3830
3835
3842
3851
3870
3874
3880
3927
3943
3959
3966
3968
3982
4049
4061
4084
4112
4128
4149
4155
4163
4169
4179
4185
4187
4199
4204
4217
4237
4245
4252
4271
4282
4292
4299
4300
4303
4304
4309
4361
4366
4423
4428
4467
4471
4503
4507
4548
4553
4578
4583
4632
4636
