1
27
28
30
174
181
246
296
365
410
474
520
572
584
872
909
967
1011
1048
1070
1099
1134
1163
1194
1306
1347
1391
1440
1477
1514
1554
1576
1602
1671
1689
1721
1763
1789
1822
1864
1885
1912
1944
1976
2003
2011
2058
2092
2126
2144
2177
2202
2227
2253
2273
2306
2332
2359
2411
2461
2514
2602
2623
2636
2655
2718
2755
2848
2874
2892
2919
2955
3003
3042
3088
3129
3186
3257
3312
3349
3375
3403
3447
3480
3512
3560
3593
3655
3707
3755
3782
3831
3854
3884
3903
3964
4002
4044
4060
4106
4139
4173
4222
4246
4546
4675
4740
4770
4778
