1
46
192
209
326
400
401
404
449
450
686
702
721
734
737
738
739
833
834
858
870
1003
1041
1064
1066
1067
1068
1078
1079
1081
1102
1212
1213
1214
1252
1502
1503
1504
1539
1540
1543
1544
1567
1584
1589
1590
1617
1618
1636
1738
1739
1740
1743
1744
2044
2050
2051
2052
2053
2055
2355
2655
2725
2776
2795
2819
2822
3122
3122
3422
3620
3623
3629
3633
3636
3641
3646
3651
3654
3658
3664
3668
3671
3676
3681
3686
3689
3694
3702
3703
3709
3711
3720
3721
3725
3729
3735
3739
3742
3747
3751
3757
3759
3764
3769
3774
3777
3782
3787
3792
3795
3799
3805
3809
3812
3817
3822
3827
3830
3835
3840
3845
3847
3852
3857
3862
3865
3870
3878
3879
3885
3887
3895
3897
3907
3963
3973
4010
4181
4229
4361
4388
4391
4426
4467
4468
4613
4656
