1
11
24
25
26
38
47
48
49
53
63
76
77
78
93
106
107
108
120
129
130
131
135
145
158
159
160
175
188
189
190
195
201
381
391
395
479
491
494
581
593
602
682
688
789
803
987
1089
1119
1201
1228
1306
1491
1525
1624
1661
1689
1717
1729
1745
1935
2153
2156
2164
2167
2172
2176
2177
2179
2189
2199
2204
2208
2220
2221
2223
2224
2226
2240
2241
2244
2245
2248
2250
2254
2303
2355
2524
2559
2659
2713
2725
2730
2734
2735
2737
2743
2753
2761
2819
2897
3003
3064
3101
3129
3143
3178
3197
3215
3245
3285
3336
3353
3383
3411
3455
3517
3561
3605
3616
3627
3638
3649
3660
3701
3760
3761
3808
3915
3994
4190
4191
4219
4264
4315
4419
4472
4474
4493
4529
4562
4610
4655
4701
4814
4937
4975
5025
5116
5153
5181
5209
5221
5249
5283
5323
5374
