1
2
5
121
203
295
368
444
672
748
814
884
959
1099
1133
1163
1187
1217
1249
1260
1280
1299
1319
1340
1431
1446
1484
1501
1551
1584
1614
1650
1693
1733
1757
1852
2025
2077
2113
2222
2251
2359
2398
2466
2493
2518
2542
2568
2600
2630
2658
2700
2760
2807
2828
2829
2925
2975
3023
3069
3115
3167
3213
3265
3323
3369
3421
3477
3529
3577
3631
3685
3735
3789
3849
3913
3973
4027
4079
4151
4213
4267
4333
4403
4469
4513
4577
4635
4691
4743
4809
4863
4921
4987
5041
5087
5143
5195
5249
5295
5341
5393
5441
5493
5793
