1
3
10
13
62
98
128
154
177
191
261
331
352
384
424
462
496
508
538
548
553
579
615
631
662
697
728
756
773
805
817
834
868
891
897
939
988
1001
1029
1076
1112
1124
1140
1157
1178
1204
1244
1269
1286
1316
1338
1359
1371
1396
1414
1447
1476
1490
1524
1550
1575
1586
1606
1622
1634
1642
1668
1693
1755
1786
1787
1846
1852
1860
1889
1929
1970
2004
2053
2097
2139
2178
2204
2259
2273
2289
2315
2333
2359
2375
2385
2396
2409
2441
2489
2533
2590
2624
2633
2646
2717
2749
2785
2836
2875
2894
2924
2967
2995
3014
3048
3086
3102
3129
3148
3159
3182
3200
3221
3242
3260
3289
3350
3391
3406
3432
3448
3469
3484
3507
3528
3557
3571
3590
3638
3676
3686
3738
3806
3822
3858
3882
3910
3950
3975
3998
4037
4054
4103
4123
4144
4163
4196
4199
4206
4207
4214
4222
4225
4242
4262
4279
4299
4310
4322
4330
4336
4343
4344
4351
4352
4378
4404
4423
4461
4495
4542
4559
4595
4632
4721
4848
4970
5070
5093
5108
5137
5159
5179
5200
5208
5211
5221
5239
5255
5298
5299
5437
