1
47
210
345
447
502
594
657
720
801
832
941
981
1031
1082
1116
1172
1307
1328
1368
1419
1465
1525
1554
1655
1720
1793
1884
1949
2001
2101
2401
2462
2529
2589
2654
2761
2834
2925
2979
3000
3099
3150
3196
3256
3315
3341
3369
3426
3454
3535
3615
3632
3749
3755
3843
3878
3909
3960
4019
4027
4028
4085
4178
4253
4304
4416
4522
4563
4619
4686
4745
4775
4802
4902
4962
5023
5092
5130
5184
5217
5299
5434
5511
5602
5704
5709
5710
5758
5845
5888
6188
6188
6300
6435
6439
6479
6506
6562
6610
6644
6674
6700
6728
