1
8
101
206
222
233
244
258
286
317
326
327
344
377
406
434
487
516
522
532
540
601
659
752
804
874
943
1011
1102
1153
1200
1300
1347
1378
1433
1501
1545
1621
1676
1732
1782
1827
1851
1883
1947
2128
2182
2231
2289
2327
2374
2434
2481
2517
2530
2578
2596
2629
2666
2711
2733
2761
2820
2863
2898
2932
2973
3044
3084
3119
3139
3167
3181
3193
3240
3284
3293
3294
3309
3329
3410
3428
3450
3451
3452
3469
3471
3474
3503
3565
3604
3628
3652
3673
3702
3705
3707
3710
3714
3717
3722
3729
3732
3736
3748
3798
3857
3902
3903
3909
3911
3913
3916
3921
3923
3928
3930
3933
3935
3940
3942
3947
3949
3952
3953
3999
4156
4157
4158
4162
4164
4183
4483
4570
4600
