1
62
242
256
289
306
342
369
481
505
631
672
699
723
746
793
812
841
864
953
981
1006
1053
1129
1157
1213
1244
1275
1328
1423
1450
1475
1503
1543
1579
1606
1638
1677
1734
1822
2026
2050
2068
2098
2131
2171
2288
2321
2352
2370
2489
2507
2527
2559
2591
2622
2646
2671
2774
2821
2890
2980
3018
3048
3112
3148
3181
3216
3266
3305
3346
3372
3422
3492
3549
3566
3785
3862
3891
3923
3990
4032
4098
4159
4199
4259
4282
4318
4351
4399
4582
4590
4597
4604
4646
4660
4684
4697
4719
4732
4752
4782
4802
4817
4832
4844
4871
4917
