1
301
601
901
1189
1194
1340
1416
1489
1546
1644
1681
1728
1749
1783
1798
1819
1830
1857
1879
1919
1945
1951
1976
2006
2044
2105
2127
2187
2203
2207
2209
2243
2264
2271
2286
2331
2347
2365
2386
2417
2440
2446
2491
2518
2525
2568
2600
2612
2643
2668
2702
2722
2746
2836
2876
2929
2952
3113
3150
3167
3198
3286
3336
3376
3417
3481
3516
3553
3562
3605
3620
3628
3635
3641
3650
3652
3657
3677
3696
3704
3709
3731
3759
3793
3815
3822
3826
3838
3855
3877
3890
3908
3926
3966
3991
4038
4069
4101
4119
4121
4149
4175
4182
4206
4225
4266
4289
4337
4380
4410
4411
4418
4425
4426
4458
4488
4502
4535
4551
4577
4588
4593
4606
4641
4654
4663
4711
4738
4754
4770
4782
4803
4822
4846
4863
4870
4880
4885
4889
4894
4903
4911
4917
4920
4926
4931
4937
4943
4955
4962
4971
5271
