1
55
178
219
224
275
277
278
320
347
350
481
483
510
511
571
668
673
679
715
738
779
829
855
889
954
975
977
985
1024
1053
1120
1125
1132
1142
1172
1240
1286
1308
1323
1338
1367
1371
1386
1394
1459
1462
1464
1469
1516
1613
1680
1722
1759
1784
1787
1793
1926
1947
1970
1989
2072
2108
2166
2234
2343
2367
2409
2428
2467
2485
2501
2522
2546
2553
2559
2680
2739
2778
2795
2817
2832
2852
2883
2900
2913
2942
3011
3077
3101
3157
3175
3185
3206
3226
3250
3266
3280
3291
3300
3312
3326
3340
3356
3375
3394
3405
3418
3430
3450
3468
3496
3605
3612
3617
3648
3687
3720
3724
3726
3729
3951
