1
3
15
16
18
76
376
417
418
428
457
482
488
510
525
526
582
591
618
623
624
924
925
940
942
947
948
953
954
960
961
964
965
966
967
970
973
979
986
987
990
991
993
996
999
1006
1007
1013
1022
1023
1026
1027
1028
1055
1057
1058
1063
1064
1074
1148
1149
1173
1204
1206
1209
1262
1267
1269
1311
1333
1353
1354
1358
1359
1363
1365
1384
1410
1455
1459
1462
1520
1525
1558
1575
1582
1618
1653
1677
1697
1704
1723
1735
1753
1761
1797
1851
1862
1867
1906
1907
1920
1942
1965
1972
1974
1989
2001
2002
2069
2088
2112
2141
2160
2188
2194
2216
2229
2231
2234
2249
2252
2260
2283
2288
2322
2324
2327
2361
2387
2388
2407
2447
2505
2527
2555
2570
2576
2584
2585
2606
2608
2612
2636
2653
2677
2698
2730
2749
2770
2823
2844
2849
2872
2903
2922
2949
2967
2975
2987
3029
3037
3117
3417
3717
3967
3970
