1
22
40
65
92
124
134
178
187
255
288
306
331
359
394
405
440
465
483
516
558
584
625
666
718
765
788
816
875
906
942
968
990
1008
1043
1076
1105
1128
1147
1168
1198
1232
1263
1281
1296
1334
1375
1407
1434
1437
1439
1442
1451
1453
1454
1455
1456
1463
1465
1466
1467
1468
1470
1471
1472
1476
1478
1479
1481
1484
1486
1487
1488
1490
1492
1493
1494
1495
1497
1498
1499
1500
1501
1511
1512
1514
1515
1516
1518
1519
1521
1522
1524
1528
1529
1530
1534
1538
1544
1545
1546
1547
1548
1549
1553
1556
1558
1559
1563
1564
1565
1566
1568
1573
1582
