1
26
51
102
103
104
105
106
107
108
109
110
163
176
191
192
193
194
219
328
329
340
368
382
384
390
395
415
418
439
499
619
620
621
652
673
678
698
788
801
838
856
921
922
932
937
950
951
954
960
977
1088
1140
1142
1163
1168
1188
1278
1291
1328
1346
1412
1422
1427
1440
1441
1444
1450
1467
1578
1630
1706
1709
1719
1773
1783
1792
1800
1806
1817
1832
1840
1842
1863
1868
1888
1978
1991
2028
2046
2112
2122
2127
2140
2141
2144
2150
2167
2278
2330
2332
2353
2358
2378
2468
2481
2518
2536
2601
2602
2604
2625
2630
2650
2740
2754
2790
2806
2807
2808
2873
2874
2884
2889
2902
2903
2906
2912
2929
3040
3092
3129
3130
3172
3175
3196
3198
3205
3208
3214
3221
3228
3230
3249
3250
3258
3261
3263
3264
3308
3327
3364
3427
3428
3450
3455
3475
3565
3579
3615
3632
3633
3634
3699
3709
3714
3727
3728
3731
3737
3754
3865
3917
3920
3951
3952
3967
3986
4023
4086
4089
4091
4092
4136
4155
4192
4255
