1
7
19
30
41
53
64
76
87
99
111
134
145
203
249
307
318
341
353
364
376
387
399
410
422
434
446
458
469
504
558
612
688
712
713
714
720
721
724
725
776
826
868
872
913
1025
1138
1172
1200
1274
1350
1406
1450
1520
1562
1592
1609
1616
1670
1710
1749
1825
1838
1874
1890
1973
2026
2062
2101
2139
2163
2201
2206
2224
2258
2278
2305
2337
2364
2424
2489
2537
2570
2608
2663
2709
2763
2778
2843
2863
2894
2927
2962
3004
3069
3076
3124
3139
3182
3211
3238
3270
3289
3316
3336
3363
3388
3420
3439
3455
3475
3512
3544
3590
3593
3605
3610
3664
3692
3739
3766
3783
3827
3841
3859
3936
3990
4025
4308
4388
4395
4409
4469
4531
4647
4694
4808
4890
4929
5005
