1
23
120
180
241
301
358
458
508
557
609
663
717
811
892
934
1014
1027
1040
1054
1067
1121
1175
1241
1295
1361
1388
1473
1561
1613
1635
1660
1707
1720
1732
1747
1786
1814
1875
1948
1986
2025
2058
2106
2147
2178
2212
2254
2279
2311
2351
2380
2387
2394
2401
2406
2570
2589
2647
2665
2684
2700
2760
2798
2836
2912
2987
3002
3063
3101
3138
3214
3252
3305
3390
3553
3580
3581
3582
3583
3584
3586
3587
3588
3589
3590
3592
3593
3645
3768
3819
3951
4003
4064
4095
4253
4314
4389
4441
4606
4691
4739
4843
4985
5018
5049
5095
5136
5179
5299
5356
5460
5514
