1
4
50
58
219
252
455
486
538
555
603
647
651
770
774
775
782
797
804
805
827
847
863
903
936
1001
1012
1029
1040
1052
1065
1081
1093
1104
1115
1124
1140
1156
1173
1187
1232
1244
1262
1276
1290
1302
1329
1352
1358
1382
1404
1415
1427
1438
1494
1520
1538
1561
1577
1588
1599
1612
1641
1655
1663
1677
1689
1700
1711
1859
1861
1866
1970
2001
2019
2020
2032
2050
2071
2082
2099
2121
2148
2150
2151
2168
2176
2234
2253
2297
2305
2319
2331
2339
2347
2353
2376
2378
2385
2414
2424
2426
2433
2443
2467
2502
2523
2545
2560
2576
2604
2618
2645
2660
2697
2710
2730
2760
2864
2866
2875
2907
2908
2986
2992
3004
3021
3033
3035
3070
3083
3118
3132
3154
3177
3188
3200
3213
3234
3244
3265
3274
3306
3340
3350
3363
3384
3407
3414
3444
3467
3499
3508
3520
3532
3547
3555
3563
3589
3599
3606
3626
3654
3669
3670
3698
3722
3729
3744
3782
3804
3860
3923
3983
4017
4052
4086
4122
4154
4192
4211
4269
4289
4335
4369
4395
4414
4431
