1
17
116
206
256
337
343
345
352
353
354
355
356
357
358
362
363
442
485
501
545
564
580
601
625
641
672
751
787
825
842
862
912
933
957
1003
1033
1087
1107
1129
1160
1161
1162
1186
1244
1273
1300
1318
1350
1374
1386
1493
1509
1526
1543
1565
1579
1587
1600
1631
1648
1666
1683
1692
1722
1769
1800
1812
1856
1875
1895
1905
1917
1929
1942
1964
1994
2008
2014
2174
2185
2203
2233
2257
2284
2298
2328
2338
2383
2417
2436
2459
2488
2514
2542
2572
2635
2651
2666
2688
2694
2701
2732
2756
2787
2864
2880
2907
2927
2944
2980
3028
3040
3054
3129
3181
3236
3295
3342
3433
3548
3586
3638
3703
3762
3806
3848
4148
4149
4260
4293
4328
4414
4466
4561
4622
4658
4719
4749
4807
4836
4923
4974
5024
5069
5117
5176
5177
