1
30
37
61
63
90
91
114
128
148
153
181
182
184
186
187
190
191
192
193
194
209
210
213
215
229
256
257
282
367
369
388
403
432
434
466
467
526
541
577
580
647
650
705
710
729
788
801
812
816
836
837
852
854
971
1017
1018
1084
1086
1147
1148
1188
1224
1251
1252
1274
1278
1281
1283
1286
1288
1291
1293
1294
1297
1300
1303
1305
1308
1310
1313
1345
1352
1358
1360
1451
1452
1459
1465
1470
1474
1475
1480
1485
1494
1495
1504
1540
1541
1544
1583
1628
1630
1636
1639
1641
1643
1651
1655
1656
1662
1678
1679
1724
1769
1781
1783
1789
1790
1792
1808
1811
1822
1832
1850
1855
1862
1868
1885
1887
1905
1935
1999
2050
2053
2074
2081
2084
2116
2165
2190
2220
2227
2273
2295
2296
2310
2312
2326
2329
2344
2356
2370
2371
2388
2389
2401
2402
2426
2446
2461
2481
2493
2496
2524
2525
2533
2535
2544
2546
2552
2599
2609
2634
2657
2658
2696
2718
2719
2728
2729
2735
2738
2743
2744
2748
2750
2757
2759
2762
2765
2767
2769
2772
2773
2776
2777
2784
2785
2788
2790
2793
2794
2796
2797
2804
2810
2839
2842
2855
2856
2868
2872
2880
2893
2897
2917
2921
2936
2968
2971
3015
3016
3024
3030
3038
3041
3048
3053
3059
3062
3069
3070
3090
3091
3139
3140
3166
3168
3178
3185
3204
3206
3211
3213
3215
3216
3220
3229
3244
3246
3298
3337
3360
3387
3406
3407
3440
3443
3523
3530
3554
3571
3577
3620
3662
3686
3792
3837
3973
4063
4066
4086
4198
4199
4227
4297
4331
4333
4364
4365
4463
4507
4509
4547
4548
4559
4560
4616
4662
4663
4739
4748
4831
4924
5007
5123
5184
5285
5385
5475
5568
5673
5836
5969
6066
6121
6421
6437
6734
