1
85
108
155
168
181
190
247
283
295
310
329
345
360
370
380
396
450
461
539
568
595
617
627
644
676
711
754
770
783
803
903
1157
1270
1319
1508
1535
1544
1577
1605
1620
1666
1673
1683
1693
1705
1734
1740
1751
1763
1775
1787
1815
1853
1895
1969
2007
2008
2017
2029
2104
2222
2256
2286
2381
2400
2510
2544
2566
2754
2792
2851
2894
2972
3017
3054
3150
3174
3196
3212
3291
3357
3381
3420
3430
3440
3475
3503
3562
3576
3603
3649
3666
3679
3715
3728
3749
3786
3788
3790
3798
3808
3839
3857
3895
3914
3972
3990
4084
4307
4332
4522
4565
4621
4675
4705
