1
66
73
150
157
191
210
236
259
276
302
335
364
377
408
466
492
510
528
633
659
692
732
755
847
897
980
1002
1034
1059
1075
1097
1118
1159
1162
1205
1233
1287
1335
1365
1411
1433
1503
1532
1561
1606
1678
1727
1749
1806
1840
1877
1907
1961
1991
2059
2092
2183
2218
2342
2382
2401
2477
2506
2525
2540
2561
2633
2668
2701
2728
2761
2795
2849
2879
2917
2962
3080
3107
3148
3177
3211
3263
3312
3385
3421
3467
3496
3534
3592
3684
3723
3763
3826
3875
3914
3936
3970
4008
4180
4211
4248
4317
4408
4471
4535
4607
4680
4717
4758
4791
4826
4873
4934
4943
4983
5050
5088
5168
5204
5238
5295
5314
5357
5404
5484
5498
5541
5546
5569
5619
5651
5679
5723
5732
5823
