1
151
152
171
471
480
484
717
961
1148
1448
1582
1782
1922
2069
2152
2221
2255
2291
2324
2355
2470
2554
2668
2808
3038
3228
3362
3662
3802
4077
4377
4505
4506
4521
4540
4547
4554
4561
4577
4584
4591
4601
4607
4614
4616
4626
4636
4652
4659
4669
4690
4707
4714
4722
4735
4745
4750
4756
4776
4786
4804
4809
4814
4819
4824
4839
4844
4849
4868
4871
4875
4883
4894
4905
4909
4916
4924
4933
4934
4944
4949
4971
4976
4981
4998
5008
5013
5018
5024
5204
5205
5206
5207
5284
5285
5286
5287
5587
5802
6073
6155
6315
6387
6442
6443
6542
6633
6695
6696
6698
